2026-03-17_10-28-58,75,draft.go:2026-03-17_10-28-58
2026-03-17_16-07-38,---,draft.go:2026-03-17_16-07-38
2026-03-17_16-09-17,---,draft.go:2026-03-17_16-09-17
2026-03-18_09-45-31,0,draft.go:2026-03-18_09-45-31
2026-03-18_09-46-25,0,draft.go:2026-03-18_09-46-25
2026-03-18_09-49-05,0,draft.go:2026-03-18_09-49-05
2026-03-18_09-50-22,0,draft.go:2026-03-18_09-50-22
2026-03-18_09-51-31,25,draft.go:2026-03-18_09-51-31
2026-03-18_09-52-12,25,draft.go:2026-03-18_09-52-12
2026-03-18_09-52-34,25,draft.go:2026-03-18_09-52-34
2026-03-18_10-01-49,25,draft.go:2026-03-18_09-52-34
2026-03-18_10-07-41,25,draft.go:2026-03-18_10-07-41
2026-03-18_10-07-44,25,draft.go:2026-03-18_10-07-41
2026-03-18_10-08-19,25,draft.go:2026-03-18_10-08-19
2026-03-18_10-10-59,25,draft.go:2026-03-18_10-10-59
2026-03-18_10-11-37,100,draft.go:2026-03-18_10-11-37
2026-03-18_10-17-28,100,draft.go:2026-03-18_10-11-37
